1.000000 0.892857 0.000000 0.000000
1.000000 0.892857 0.000000 0.000000
0.998145 0.892439 0.000000 0.000000
0.991831 0.891637 0.006874 0.006079
0.986736 0.891661 0.019368 0.017041
0.979822 0.890966 0.006505 0.005679
0.977845 0.891375 0.007825 0.006821
0.974588 0.891141 0.030244 0.026267
0.966982 0.890764 0.038290 0.032981
0.965869 0.890576 0.038719 0.033305
0.961590 0.890026 0.043205 0.036977
0.959786 0.889468 0.043750 0.037350
0.958121 0.888851 0.044436 0.037843
0.957047 0.888157 0.044905 0.038170
0.955854 0.887376 0.045308 0.038431
0.955535 0.886568 0.045503 0.038548
0.954400 0.885663 0.045321 0.038309
0.951313 0.884427 0.043991 0.037012
0.949225 0.883086 0.044229 0.037075
0.946780 0.881753 0.044044 0.036769
0.944543 0.880416 0.044109 0.036681
0.941224 0.879074 0.043706 0.036162
0.939594 0.877782 0.044080 0.036355
0.930307 0.876603 0.039813 0.032468
0.914482 0.876319 0.038639 0.030965
0.914984 0.876256 0.042284 0.033902
0.915094 0.876013 0.043930 0.035215
0.915843 0.875687 0.043564 0.034938
0.917148 0.875241 0.043463 0.034889
0.918814 0.874656 0.043300 0.034798
0.913840 0.873762 0.039714 0.031711
0.913284 0.872530 0.039688 0.031626
0.918586 0.871430 0.041011 0.032829
0.922340 0.870240 0.041997 0.033709
0.925190 0.869563 0.033595 0.027028
0.920424 0.868851 0.033305 0.026635
0.904463 0.868121 0.031439 0.024685
0.930058 0.867504 0.022708 0.018321
0.935656 0.866767 0.021542 0.017470
0.922382 0.866428 0.028874 0.023076
0.920148 0.866352 0.040455 0.032250
0.917773 0.864801 0.024853 0.019726
0.901044 0.863917 0.033453 0.026041
0.868723 0.863061 0.032778 0.024575
0.828654 0.862231 0.034616 0.024733
0.778123 0.861386 0.034570 0.023171
0.724289 0.860460 0.035312 0.022007
0.667384 0.859443 0.034767 0.019942
0.672735 0.859117 0.031990 0.018489
0.672387 0.858412 0.026467 0.015276
0.674356 0.857899 0.026733 0.015466
0.670256 0.857323 0.026902 0.015458
0.652874 0.856829 0.027605 0.015442
0.606600 0.857006 0.030976 0.016103
0.575240 0.857015 0.028157 0.013881
0.562239 0.856791 0.027424 0.013211
0.604065 0.856808 0.030236 0.015649
0.655221 0.856862 0.031562 0.017720
0.714011 0.856932 0.032533 0.019905
0.771298 0.857009 0.033153 0.021914
0.817133 0.857094 0.033949 0.023777
0.835783 0.856798 0.032385 0.023191
0.853680 0.856511 0.037053 0.027092
0.867402 0.856265 0.038962 0.028938
0.860637 0.856123 0.030411 0.022407
0.854658 0.856090 0.031099 0.022754
0.858113 0.855874 0.035999 0.026439
0.868029 0.855511 0.038130 0.028315
0.879055 0.855302 0.038535 0.028973
0.887722 0.855067 0.037866 0.028742
0.891604 0.854915 0.039392 0.030026
0.890157 0.854783 0.039834 0.030309
0.881907 0.854641 0.038948 0.029356
0.859937 0.854502 0.037196 0.027332
0.824717 0.854390 0.035598 0.025084
0.777488 0.854229 0.035656 0.023681
0.724515 0.854038 0.035881 0.022202
0.677469 0.853592 0.031847 0.018416
0.647313 0.852901 0.031580 0.017435
0.651381 0.851611 0.028857 0.016008
0.659584 0.851607 0.026752 0.015027
0.669508 0.851534 0.027173 0.015492
0.681778 0.851435 0.027525 0.015978
0.684980 0.851278 0.027770 0.016193
0.651183 0.850977 0.030754 0.017042
0.616931 0.850677 0.031778 0.016677
0.589921 0.850422 0.032569 0.016339
0.583603 0.850500 0.030928 0.015351
0.628537 0.850266 0.033835 0.018082
0.677971 0.850024 0.034613 0.019947
0.730619 0.849789 0.035165 0.021833
0.786261 0.849489 0.035705 0.023848
0.835337 0.849185 0.036217 0.025691
0.866359 0.848945 0.037581 0.027640
0.888707 0.848726 0.038988 0.029407
0.904369 0.848518 0.040459 0.031047
0.915928 0.848301 0.041620 0.032338
0.924573 0.848073 0.042611 0.033411
0.931109 0.847832 0.043442 0.034294
0.929904 0.847587 0.042867 0.033787
0.928804 0.847420 0.043583 0.034304
0.927828 0.847296 0.043921 0.034528
0.926940 0.847198 0.044153 0.034673
0.926114 0.847109 0.044317 0.034767
0.925319 0.847001 0.044442 0.034831
0.924536 0.846828 0.044537 0.034869
0.923753 0.846517 0.044582 0.034862
0.922932 0.846009 0.044625 0.034844
0.927960 0.845424 0.041664 0.032686
0.930880 0.844774 0.042223 0.033203
0.932053 0.844104 0.043036 0.033859
0.932087 0.843440 0.043606 0.034281
0.932349 0.842787 0.042757 0.033597
0.931428 0.842163 0.043029 0.033753
0.930395 0.841549 0.042673 0.033412
0.930179 0.841024 0.044353 0.034697
0.921398 0.840268 0.038171 0.029552
0.911013 0.839288 0.038975 0.029800
0.908319 0.838383 0.038845 0.029581
0.918886 0.837570 0.040951 0.031517
0.923410 0.836755 0.040459 0.031262
0.922891 0.835951 0.041508 0.032023
0.916165 0.835088 0.040925 0.031311
0.898167 0.834117 0.039645 0.029701
0.862890 0.832887 0.037006 0.026596
0.820995 0.831664 0.037022 0.025278
0.770741 0.830424 0.036956 0.023654
0.716166 0.829146 0.036903 0.021913
0.663829 0.827854 0.036850 0.020251
0.669181 0.826507 0.032644 0.018055
0.691023 0.825888 0.023834 0.013602
0.697331 0.825313 0.022906 0.013183
0.662798 0.824062 0.034466 0.018825
0.648442 0.822672 0.033324 0.017777
0.648621 0.822098 0.025607 0.013654
0.641025 0.820771 0.031578 0.016614
0.641059 0.819243 0.030969 0.016264
0.645958 0.818135 0.028613 0.015121
0.649217 0.817042 0.028753 0.015252
0.645867 0.815921 0.028508 0.015023
0.640127 0.814757 0.028292 0.014756
0.626361 0.813618 0.028614 0.014582
0.587163 0.812812 0.032346 0.015437
0.573632 0.811749 0.030536 0.014219
0.573573 0.810559 0.029341 0.013641
0.617346 0.809696 0.033257 0.016624
0.668405 0.808838 0.033990 0.018376
0.727652 0.808026 0.034946 0.020547
0.786968 0.807238 0.035385 0.022479
0.840615 0.806451 0.035904 0.024340
0.876245 0.805598 0.037427 0.026420
0.899953 0.804761 0.038670 0.028007
0.916656 0.803954 0.040029 0.029500
0.928870 0.803186 0.041296 0.030809
0.937922 0.802461 0.042375 0.031894
0.944539 0.801774 0.043341 0.032822
0.949591 0.801121 0.044050 0.033510
0.953459 0.800495 0.044644 0.034074
0.956542 0.799892 0.045078 0.034490
0.959005 0.799306 0.045447 0.034837
0.961002 0.798735 0.045753 0.035119
0.963028 0.798332 0.042566 0.032725
0.963559 0.798126 0.038121 0.029316
0.964340 0.797964 0.036815 0.028329
0.964921 0.797794 0.036932 0.028430
0.965606 0.797614 0.038384 0.029563
0.966137 0.797433 0.036786 0.028341
0.966551 0.797236 0.036938 0.028463
0.966921 0.797024 0.036977 0.028497
0.974355 0.796593 0.032409 0.025155
0.979048 0.796228 0.033589 0.026184
0.982006 0.795930 0.034721 0.027138
0.983941 0.795683 0.035570 0.027848
0.985266 0.795470 0.036185 0.028360
0.985728 0.795336 0.037482 0.029385
0.986135 0.795201 0.037645 0.029520
0.986436 0.795065 0.037720 0.029583
0.986668 0.794924 0.037790 0.029640
0.986838 0.794778 0.037854 0.029690
0.986965 0.794626 0.037894 0.029719
0.987058 0.794466 0.037963 0.029770
0.987131 0.794298 0.037960 0.029764
0.987183 0.794121 0.037984 0.029777
0.987224 0.793934 0.037999 0.029783
0.987249 0.793738 0.038011 0.029786
0.987266 0.793532 0.038038 0.029800
0.987506 0.793321 0.038060 0.029816
0.987522 0.793102 0.037894 0.029679
0.987504 0.792869 0.038008 0.029758
0.987487 0.792624 0.038044 0.029777
0.987466 0.792366 0.038088 0.029802
0.987449 0.792096 0.038146 0.029836
0.987433 0.791813 0.038234 0.029894
0.987414 0.791520 0.038252 0.029896
0.987473 0.791177 0.035917 0.028061
0.987243 0.790804 0.031860 0.024873
0.986563 0.790266 0.036009 0.028075
0.985195 0.789897 0.029103 0.022648
0.984657 0.789704 0.033815 0.026294
0.983824 0.789322 0.034392 0.026707
0.977308 0.789042 0.028880 0.022270
0.973573 0.788700 0.031008 0.023810
0.976908 0.788411 0.035088 0.027025
0.979729 0.788117 0.035756 0.027609
0.979817 0.787868 0.033206 0.025634
0.982301 0.787641 0.036702 0.028396
0.984996 0.787408 0.030317 0.023514
0.986794 0.787135 0.028918 0.022461
0.986423 0.786956 0.025077 0.019467
0.988486 0.786804 0.025959 0.020189
0.990509 0.786625 0.026900 0.020959
0.991275 0.786399 0.026684 0.020801
0.992606 0.786134 0.030197 0.023563
0.992950 0.785801 0.025868 0.020184
0.993491 0.785453 0.026264 0.020495
0.994415 0.785099 0.027856 0.021748
0.996205 0.784799 0.031496 0.024624
0.995761 0.784540 0.032143 0.025111
0.996220 0.784123 0.034471 0.026927
0.996532 0.783709 0.036656 0.028628
0.996527 0.783301 0.031338 0.024462
0.994143 0.782682 0.023729 0.018463
0.988826 0.781997 0.023806 0.018409
0.979994 0.781307 0.024850 0.019027
0.973190 0.780628 0.025503 0.019374
0.973535 0.779968 0.026336 0.019998
0.974705 0.779339 0.026989 0.020502
0.982180 0.778731 0.030048 0.022983
0.987810 0.778316 0.032783 0.025205
0.990835 0.777995 0.034519 0.026609
0.992569 0.777725 0.035437 0.027355
0.993637 0.777445 0.036072 0.027865
0.994286 0.777155 0.036555 0.028247
0.994683 0.776852 0.036859 0.028482
0.994922 0.776536 0.037087 0.028653
0.995057 0.776210 0.037267 0.028784
0.995125 0.775868 0.037329 0.028821
0.995479 0.775491 0.036911 0.028495
0.995753 0.775240 0.040090 0.030947
0.996005 0.774681 0.033966 0.026208
0.995510 0.774107 0.033472 0.025795
0.995010 0.773513 0.033658 0.025905
0.994623 0.772918 0.034125 0.026234
0.994350 0.772336 0.034739 0.026678
0.994167 0.771759 0.035182 0.026994
0.994041 0.771197 0.035722 0.027385
0.993967 0.770648 0.036178 0.027712
0.994345 0.770074 0.036111 0.027651
0.994603 0.769772 0.040714 0.031172
0.995005 0.769377 0.039176 0.029990
0.995278 0.768766 0.035886 0.027457
0.994433 0.768354 0.039055 0.029841
0.990789 0.767779 0.037262 0.028346
0.991083 0.767125 0.036331 0.027622
0.991817 0.766525 0.037045 0.028164
0.992704 0.765962 0.037624 0.028608
0.993633 0.765422 0.037932 0.028849
0.994000 0.764989 0.039614 0.030123
0.994869 0.764435 0.037788 0.028738
0.995480 0.763452 0.032496 0.024697
0.995208 0.762693 0.034384 0.026099
0.994545 0.761948 0.035011 0.026531
0.994116 0.761217 0.035498 0.026863
0.994134 0.760473 0.035695 0.026986
0.994309 0.760024 0.039964 0.030201
0.994863 0.759544 0.039384 0.029760
0.995076 0.759084 0.039694 0.029983
0.996077 0.758514 0.038161 0.028832
0.996720 0.757947 0.038151 0.028822
0.997052 0.757303 0.037547 0.028351
0.997189 0.756804 0.039742 0.029993
0.997541 0.756222 0.039072 0.029474
0.996698 0.755579 0.038624 0.029087
0.994737 0.754752 0.036719 0.027568
0.994726 0.753873 0.036286 0.027211
0.996806 0.753317 0.040223 0.030204
0.997344 0.752804 0.040481 0.030393
0.997698 0.752533 0.043403 0.032587
0.997558 0.752401 0.044716 0.033563
0.997295 0.752398 0.045524 0.034160
0.996979 0.752410 0.045928 0.034452
0.996692 0.752440 0.046254 0.034688
0.996460 0.752482 0.046500 0.034866
0.995876 0.752481 0.046048 0.034507
0.995780 0.752540 0.046973 0.035200
0.995795 0.752608 0.047062 0.035270
0.995822 0.752679 0.047097 0.035301
0.995851 0.752751 0.047136 0.035334
0.995882 0.752824 0.047168 0.035363
0.995915 0.752896 0.047192 0.035386
0.995946 0.752970 0.047202 0.035397
0.995975 0.753043 0.047206 0.035405
0.996006 0.753116 0.047205 0.035409
0.996032 0.753189 0.047208 0.035415
0.996058 0.753261 0.047217 0.035427
0.996087 0.753333 0.047215 0.035430
0.996112 0.753405 0.047213 0.035432
0.996138 0.753477 0.047215 0.035438
0.996161 0.753548 0.047212 0.035440
0.996187 0.753619 0.047215 0.035446
0.996213 0.753690 0.047218 0.035453
0.996238 0.753760 0.047209 0.035451
0.996263 0.753831 0.047212 0.035457
0.996285 0.753901 0.047202 0.035453
0.996309 0.753971 0.047205 0.035460
0.996333 0.754040 0.047209 0.035467
0.996357 0.754109 0.047212 0.035473
0.996380 0.754178 0.047196 0.035466
0.996403 0.754247 0.047205 0.035476
0.996427 0.754315 0.047208 0.035483
0.996449 0.754384 0.047192 0.035474
0.996472 0.754452 0.047201 0.035485
0.996497 0.754520 0.047198 0.035487
0.996521 0.754588 0.047196 0.035489
0.996544 0.754655 0.047198 0.035495
0.996566 0.754723 0.047200 0.035501
0.996588 0.754790 0.047197 0.035502
0.996611 0.754857 0.047192 0.035502
0.996633 0.754923 0.047195 0.035509
0.996655 0.754990 0.047191 0.035510
0.996678 0.755056 0.047195 0.035517
0.996700 0.755122 0.047192 0.035518
0.996721 0.755188 0.047195 0.035524
0.996742 0.755254 0.047191 0.035525
0.996759 0.755320 0.047195 0.035531
0.996781 0.755385 0.047197 0.035537
0.996801 0.755451 0.047188 0.035534
0.996821 0.755516 0.047197 0.035545
0.996842 0.755581 0.047194 0.035546
0.996861 0.755646 0.047190 0.035547
0.996880 0.755710 0.047187 0.035548
0.996901 0.755775 0.047190 0.035554
0.996921 0.755839 0.047193 0.035560
0.996941 0.755904 0.047190 0.035562
0.996956 0.755969 0.047192 0.035567
0.996974 0.756033 0.047194 0.035572
0.996993 0.756097 0.047190 0.035573
0.997013 0.756160 0.047191 0.035578
0.997005 0.756373 0.043462 0.032775
0.996966 0.756823 0.037155 0.028034
0.996736 0.757259 0.037087 0.027993
0.996495 0.757665 0.037174 0.028067
0.996293 0.758042 0.037178 0.028078
0.996132 0.758386 0.037190 0.028095
0.996005 0.758694 0.037199 0.028110
0.995900 0.758960 0.037242 0.028150
0.995821 0.759180 0.037228 0.028144
0.995760 0.759348 0.037214 0.028138
0.995713 0.759460 0.037210 0.028138
0.995677 0.759514 0.037196 0.028129
0.995649 0.759508 0.037191 0.028124
0.995625 0.759443 0.037187 0.028118
0.995607 0.759322 0.037184 0.028110
0.995589 0.759148 0.037180 0.028101
0.995573 0.758928 0.037171 0.028085
0.995560 0.758666 0.037167 0.028072
0.995548 0.758367 0.037158 0.028054
0.995540 0.758036 0.037156 0.028040
0.995531 0.757679 0.037153 0.028024
0.995519 0.757298 0.037150 0.028007
0.995510 0.756897 0.037141 0.027985
0.995501 0.756478 0.037144 0.027972
0.995494 0.756045 0.037146 0.027958
0.995488 0.755600 0.037158 0.027950
0.995481 0.755144 0.037169 0.027941
0.995471 0.754679 0.037176 0.027929
0.995463 0.754207 0.037182 0.027916
0.995455 0.753727 0.037194 0.027907
0.995447 0.753242 0.037206 0.027898
0.995439 0.752751 0.037218 0.027888
0.995429 0.752256 0.037224 0.027874
0.995423 0.751757 0.037236 0.027865
0.995415 0.751254 0.037243 0.027851
0.995406 0.750748 0.037255 0.027841
0.995396 0.750239 0.037267 0.027831
0.995387 0.749728 0.037280 0.027821
0.995377 0.749214 0.037280 0.027802
0.995366 0.748698 0.037293 0.027792
0.995356 0.748181 0.037305 0.027781
0.995345 0.747661 0.037318 0.027771
0.995336 0.747141 0.037325 0.027757
0.995327 0.746619 0.037339 0.027748
0.995316 0.746096 0.037347 0.027734
0.994712 0.745570 0.037290 0.027655
0.994083 0.745040 0.037194 0.027547
0.993527 0.744507 0.037092 0.027436
0.993089 0.743969 0.037021 0.027352
0.992899 0.743429 0.036967 0.027287
0.992827 0.742885 0.036949 0.027252
0.993017 0.742370 0.030933 0.022804
0.992684 0.741728 0.026830 0.019755
0.992353 0.741183 0.027019 0.019873
0.992173 0.740664 0.027174 0.019969
0.992063 0.740126 0.027237 0.019999
0.991968 0.739577 0.027222 0.019971
0.991885 0.739015 0.027221 0.019953
0.991804 0.738444 0.027207 0.019926
0.991731 0.737862 0.027192 0.019898
0.991661 0.737270 0.027185 0.019875
0.991594 0.736670 0.027172 0.019848
0.991520 0.736060 0.027159 0.019821
0.991444 0.735441 0.027147 0.019794
0.991364 0.734814 0.027135 0.019767
0.991281 0.734179 0.027123 0.019740
0.991200 0.733535 0.027106 0.019708
0.991115 0.732883 0.027094 0.019681
0.991029 0.732223 0.027083 0.019653
0.991206 0.731493 0.027018 0.019590
0.990579 0.730736 0.026947 0.019506
0.989603 0.729953 0.026893 0.019426
0.988465 0.729144 0.026841 0.019345
0.987367 0.728313 0.026796 0.019270
0.986348 0.727464 0.026761 0.019202
0.985306 0.726599 0.026726 0.019133
0.984285 0.725718 0.026685 0.019062
0.983299 0.724822 0.026663 0.019004
