1.000000 0.892857 0.775790 0.692670
1.000000 0.892857 0.000000 0.000000
0.998123 0.892444 0.000000 0.000000
0.991801 0.891639 0.006668 0.005896
0.986668 0.891661 0.019243 0.016929
0.979583 0.890996 0.006371 0.005561
0.978335 0.891176 0.009843 0.008582
0.978227 0.890990 0.026648 0.023227
0.974032 0.890971 0.038078 0.033046
0.970368 0.890684 0.040311 0.034840
0.967979 0.890417 0.042070 0.036260
0.965736 0.890002 0.043526 0.037411
0.964091 0.889596 0.043860 0.037617
0.962767 0.889064 0.044633 0.038204
0.961584 0.888446 0.044950 0.038401
0.961013 0.887780 0.045258 0.038612
0.959562 0.886994 0.044883 0.038201
0.953785 0.885778 0.042946 0.036283
0.952004 0.884490 0.044367 0.037359
0.949934 0.883168 0.044219 0.037097
0.946213 0.881855 0.043499 0.036297
0.942543 0.880528 0.043116 0.035783
0.942258 0.879306 0.043896 0.036369
0.935342 0.878339 0.040150 0.032985
0.936828 0.877546 0.042756 0.035150
0.938292 0.876695 0.043591 0.035858
0.937846 0.876460 0.033963 0.027917
0.930243 0.875947 0.033708 0.027467
0.920550 0.875056 0.037283 0.030033
0.921855 0.873755 0.010304 0.008300
0.922630 0.873108 0.022623 0.018224
0.924546 0.872378 0.023390 0.018865
0.928262 0.871814 0.037065 0.029996
0.930558 0.871315 0.041311 0.033496
0.930138 0.870723 0.040526 0.032822
0.929323 0.870171 0.039477 0.031924
0.925045 0.869590 0.035778 0.028780
0.926518 0.869013 0.041105 0.033096
0.926027 0.868402 0.041523 0.033391
0.924467 0.867723 0.041207 0.033055
0.921393 0.866967 0.039824 0.031812
0.916998 0.866129 0.038646 0.030694
0.905555 0.865179 0.036785 0.028820
0.884972 0.864225 0.031297 0.023936
0.850999 0.863071 0.030857 0.022663
0.810202 0.862247 0.027382 0.019129
0.759842 0.861464 0.029529 0.019329
0.704090 0.860797 0.035078 0.021260
0.665741 0.860314 0.034102 0.019532
0.664283 0.858717 0.040276 0.022975
0.644559 0.858102 0.023185 0.012823
0.663101 0.858100 0.019584 0.011143
0.659721 0.857745 0.014235 0.008055
0.597793 0.856705 0.021423 0.010972
0.576585 0.856431 0.025174 0.012431
0.569489 0.855029 0.033311 0.016220
0.570520 0.854820 0.022903 0.011170
0.585396 0.854995 0.015247 0.007631
0.592876 0.854767 0.021811 0.011053
0.603744 0.854795 0.017632 0.009099
0.602544 0.855857 0.006589 0.003398
0.589703 0.855740 0.015524 0.007834
0.553079 0.855397 0.021663 0.010249
0.519813 0.855093 0.020655 0.009181
0.479280 0.854502 0.018855 0.007722
0.437514 0.854070 0.018054 0.006746
0.385936 0.853738 0.017678 0.005825
0.385040 0.852975 0.000000 0.000000
0.404776 0.853004 0.000815 0.000281
0.332660 0.853201 0.018854 0.005351
0.311775 0.854225 0.009512 0.002533
0.272379 0.853992 0.016056 0.003735
0.307233 0.853374 0.016972 0.004450
0.348949 0.853726 0.014294 0.004258
0.411672 0.853984 0.015279 0.005371
0.473511 0.854293 0.015819 0.006399
0.526477 0.854580 0.016388 0.007373
0.533564 0.854527 0.019837 0.009045
0.526922 0.854368 0.022440 0.010102
0.527044 0.854388 0.023387 0.010531
0.561233 0.854543 0.024246 0.011628
0.621281 0.854324 0.028096 0.014912
0.679898 0.854096 0.029924 0.017377
0.733754 0.853903 0.031154 0.019520
0.776634 0.853828 0.031786 0.021078
0.810672 0.853756 0.034172 0.023651
0.836594 0.853704 0.035979 0.025696
0.856192 0.853656 0.037591 0.027475
0.871064 0.853602 0.038976 0.028980
0.882380 0.853534 0.040190 0.030269
0.891009 0.853448 0.041207 0.031335
0.897606 0.853338 0.042042 0.032202
0.909089 0.853067 0.039242 0.030433
0.917348 0.852765 0.040732 0.031864
0.923141 0.852425 0.042052 0.033091
0.927315 0.851999 0.043052 0.034014
0.930386 0.851415 0.043835 0.034724
0.932677 0.850641 0.044412 0.035236
0.932768 0.849733 0.044917 0.035601
0.932788 0.848752 0.045051 0.035667
0.932735 0.847739 0.045130 0.035685
0.932609 0.846714 0.045192 0.035686
0.940884 0.845805 0.041700 0.033185
0.946411 0.844944 0.042308 0.033833
0.949381 0.844130 0.043542 0.034894
0.950961 0.843362 0.044353 0.035571
0.951674 0.842635 0.044890 0.035998
0.952034 0.841932 0.045103 0.036152
0.952213 0.841244 0.045192 0.036201
0.952256 0.840563 0.045171 0.036156
0.952181 0.839882 0.045085 0.036055
0.952006 0.839196 0.044930 0.035896
0.952600 0.838486 0.043502 0.034747
0.952695 0.837788 0.043347 0.034597
0.952492 0.837091 0.043210 0.034452
0.952025 0.836382 0.042935 0.034187
0.951225 0.835648 0.042500 0.033783
0.949893 0.834874 0.041874 0.033208
0.947486 0.834043 0.041039 0.032430
0.942181 0.833133 0.039940 0.031351
0.923985 0.832116 0.038550 0.029639
0.892959 0.830981 0.037252 0.027642
0.851147 0.829847 0.037352 0.026382
0.800415 0.828680 0.037195 0.024671
0.746268 0.827497 0.037183 0.022962
0.692432 0.826302 0.037187 0.021277
0.698652 0.825196 0.033916 0.019553
0.704014 0.824320 0.028176 0.016351
0.715088 0.823476 0.028503 0.016784
0.724941 0.822578 0.028337 0.016898
0.696891 0.822017 0.030637 0.017550
0.675995 0.821283 0.030444 0.016902
0.646878 0.820622 0.031710 0.016833
0.625633 0.819868 0.031802 0.016312
0.642383 0.818950 0.031129 0.016376
0.696586 0.818339 0.033536 0.019117
0.749564 0.817752 0.034559 0.021183
0.797406 0.817129 0.035142 0.022898
0.836143 0.816450 0.036131 0.024666
0.866096 0.815720 0.037250 0.026317
0.888888 0.814970 0.038529 0.027911
0.906315 0.814223 0.039772 0.029350
0.919573 0.813495 0.040948 0.030632
0.929816 0.812792 0.042021 0.031758
0.937728 0.812116 0.042930 0.032693
0.943730 0.811467 0.043649 0.033427
0.947134 0.810882 0.044799 0.034406
0.949692 0.810309 0.045222 0.034800
0.951631 0.809746 0.045544 0.035095
0.953104 0.809189 0.045788 0.035314
0.954234 0.808635 0.045991 0.035488
0.955088 0.808084 0.046153 0.035620
0.955731 0.807533 0.046274 0.035714
0.956219 0.806980 0.046370 0.035782
0.956580 0.806425 0.046448 0.035830
0.956899 0.805864 0.046481 0.035843
0.957170 0.805298 0.046506 0.035847
0.966958 0.804544 0.041681 0.032426
0.973567 0.803863 0.043045 0.033688
0.977897 0.803259 0.044243 0.034753
0.979696 0.802709 0.046150 0.036293
0.981769 0.802289 0.042020 0.033097
0.982024 0.802111 0.037922 0.029871
0.984529 0.802063 0.036957 0.029184
0.986601 0.802119 0.038197 0.030228
0.987056 0.802125 0.039245 0.031072
0.987498 0.802208 0.037622 0.029803
0.988557 0.802275 0.038022 0.030155
0.989183 0.802344 0.038250 0.030357
0.989512 0.802405 0.038387 0.030479
0.989796 0.802460 0.038430 0.030524
0.990056 0.802510 0.038468 0.030564
0.990248 0.802553 0.038508 0.030603
0.990383 0.802589 0.038551 0.030643
0.990489 0.802614 0.038596 0.030683
0.990572 0.802628 0.038690 0.030761
0.990637 0.802630 0.038727 0.030792
0.990694 0.802620 0.038789 0.030843
0.990739 0.802597 0.038860 0.030900
0.990779 0.802562 0.038928 0.030954
0.990814 0.802512 0.039034 0.031037
0.990839 0.802450 0.039085 0.031076
0.990857 0.802376 0.039155 0.031130
0.990866 0.802289 0.039214 0.031173
0.990869 0.802188 0.039293 0.031232
0.990866 0.802073 0.039399 0.031312
0.990856 0.801947 0.039448 0.031346
0.990836 0.801808 0.039481 0.031366
0.990812 0.801655 0.039570 0.031430
0.990782 0.801492 0.039589 0.031438
0.990749 0.801316 0.039629 0.031462
0.990708 0.801129 0.039687 0.031499
0.990666 0.800930 0.039781 0.031564
0.990618 0.800719 0.039795 0.031566
0.990086 0.800611 0.037300 0.029566
0.989556 0.800606 0.031814 0.025205
0.989638 0.800685 0.035627 0.028231
0.988893 0.800815 0.035892 0.028424
0.987857 0.801137 0.033461 0.026481
0.986319 0.801052 0.033240 0.026262
0.986429 0.800972 0.038675 0.030557
0.987443 0.800864 0.038894 0.030758
0.987132 0.800798 0.037737 0.029831
0.987989 0.800694 0.039971 0.031620
0.988288 0.800379 0.042351 0.033500
0.988255 0.799941 0.039827 0.031485
0.988879 0.799028 0.031682 0.025033
0.989574 0.798092 0.032395 0.025584
0.990472 0.797115 0.028584 0.022568
0.990640 0.796046 0.028617 0.022568
0.991008 0.794992 0.028943 0.022803
0.991225 0.793937 0.031405 0.024715
0.991316 0.792711 0.027376 0.021513
0.992378 0.791561 0.025480 0.020015
0.992339 0.790499 0.029089 0.022819
0.992305 0.789539 0.032052 0.025111
0.992276 0.788719 0.030080 0.023541
0.992280 0.787899 0.029337 0.022936
0.991118 0.786943 0.027949 0.021799
0.986108 0.785990 0.027158 0.021049
0.986427 0.784788 0.030443 0.023567
0.989760 0.783671 0.034330 0.026628
0.991577 0.782528 0.036293 0.028161
0.992553 0.781432 0.037188 0.028843
0.993071 0.780377 0.037790 0.029286
0.993322 0.779357 0.038258 0.029618
0.993414 0.778354 0.038361 0.029662
0.993302 0.777333 0.037093 0.028640
0.993350 0.776378 0.038377 0.029597
0.993320 0.775401 0.038504 0.029656
0.993257 0.774413 0.038382 0.029523
0.993192 0.773428 0.038361 0.029467
0.993122 0.772446 0.038381 0.029443
0.993042 0.771465 0.038357 0.029385
0.992967 0.770485 0.038347 0.029338
0.992889 0.769508 0.038380 0.029324
0.992808 0.768533 0.038387 0.029290
0.992724 0.767584 0.038754 0.029530
0.992546 0.766550 0.037590 0.028600
0.992421 0.765764 0.041090 0.031227
0.992383 0.765047 0.041979 0.031871
0.992506 0.764345 0.042144 0.031971
0.992591 0.763626 0.041810 0.031691
0.992619 0.762872 0.041257 0.031242
0.992599 0.762087 0.040797 0.030861
0.992536 0.761270 0.040301 0.030451
0.992460 0.760425 0.039910 0.030120
0.992274 0.759633 0.040693 0.030673
0.992138 0.758477 0.035575 0.026771
0.991593 0.757594 0.039427 0.029619
0.991276 0.756712 0.039361 0.029525
0.990983 0.755595 0.035962 0.026928
0.990790 0.754761 0.039811 0.029771
0.990839 0.753838 0.038648 0.028868
0.990794 0.752934 0.038873 0.028999
0.990762 0.752020 0.038728 0.028855
0.991063 0.751085 0.038389 0.028575
0.990857 0.750241 0.039716 0.029524
0.990870 0.749457 0.040520 0.030091
0.990992 0.748885 0.043499 0.032282
0.991407 0.748050 0.039703 0.029445
0.991246 0.747276 0.040476 0.029982
0.991186 0.746513 0.040676 0.030097
0.991155 0.745898 0.042746 0.031602
0.991341 0.744860 0.036651 0.027063
0.991216 0.743780 0.035982 0.026527
0.990899 0.742727 0.036214 0.026652
0.990672 0.741800 0.038079 0.027984
0.990631 0.740874 0.038190 0.028029
0.990721 0.740166 0.041217 0.030224
0.991071 0.739206 0.037705 0.027623
0.990662 0.738303 0.038261 0.027984
0.990879 0.737559 0.040636 0.029698
0.991626 0.737089 0.044604 0.032602
0.992010 0.736707 0.045797 0.033469
0.992346 0.736233 0.044342 0.032396
0.992292 0.735907 0.046389 0.033875
0.992432 0.735634 0.047082 0.034373
0.992559 0.735366 0.047133 0.034402
0.992637 0.735101 0.047154 0.034408
0.992680 0.734842 0.047217 0.034443
0.992702 0.734587 0.047237 0.034446
0.992722 0.734336 0.047248 0.034443
0.992741 0.734088 0.047270 0.034448
0.992757 0.733843 0.047271 0.034438
0.992761 0.733599 0.047268 0.034425
0.992773 0.733358 0.047260 0.034408
0.992788 0.733118 0.047260 0.034397
0.992804 0.732879 0.047254 0.034382
0.992808 0.732641 0.047241 0.034362
0.992826 0.732404 0.047235 0.034347
0.992838 0.732169 0.047221 0.034326
0.992851 0.731934 0.047211 0.034308
0.992864 0.731700 0.047197 0.034288
0.992876 0.731466 0.047184 0.034268
0.992890 0.731234 0.047173 0.034249
0.992903 0.731002 0.047158 0.034228
0.992916 0.730770 0.047147 0.034209
0.992930 0.730540 0.047131 0.034188
0.992537 0.730369 0.042824 0.031044
0.992330 0.730122 0.047046 0.034086
0.992373 0.729876 0.047021 0.034058
0.992446 0.729631 0.047008 0.034040
0.992499 0.729388 0.047003 0.034026
0.992531 0.729147 0.046986 0.034004
0.992563 0.728908 0.046972 0.033984
0.992595 0.728669 0.046963 0.033967
0.992614 0.728431 0.046950 0.033947
0.992633 0.728193 0.046936 0.033927
0.992651 0.727957 0.046926 0.033909
0.992676 0.727721 0.046907 0.033885
0.992701 0.727487 0.046894 0.033866
0.992720 0.727253 0.046876 0.033843
0.992745 0.727020 0.046870 0.033828
0.992764 0.726787 0.046850 0.033804
0.992783 0.726556 0.046839 0.033785
0.992802 0.726325 0.046826 0.033766
0.992822 0.726094 0.046815 0.033748
0.992841 0.725865 0.046800 0.033727
0.992860 0.725636 0.046789 0.033710
0.992880 0.725408 0.046776 0.033690
0.992905 0.725181 0.046757 0.033667
0.992931 0.724955 0.046744 0.033647
0.992956 0.724729 0.046733 0.033630
0.992980 0.724504 0.046720 0.033611
0.992447 0.724310 0.045780 0.032909
0.992572 0.724076 0.046470 0.033398
0.992619 0.723846 0.046495 0.033407
0.992718 0.723617 0.046513 0.033413
0.992798 0.723390 0.046527 0.033415
0.992865 0.723165 0.046542 0.033418
0.992925 0.722940 0.046547 0.033413
0.992977 0.722717 0.046548 0.033405
0.993027 0.722495 0.046545 0.033394
0.993069 0.722274 0.046548 0.033388
0.993109 0.722054 0.046548 0.033378
0.993149 0.721834 0.046532 0.033359
0.993185 0.721616 0.046526 0.033345
0.993223 0.721398 0.046517 0.033330
0.993256 0.721181 0.046515 0.033320
0.993290 0.720965 0.046501 0.033300
0.993320 0.720750 0.046492 0.033285
0.993351 0.720535 0.046479 0.033267
0.993382 0.720321 0.046471 0.033252
0.993412 0.720107 0.046454 0.033231
0.993442 0.719895 0.046442 0.033214
0.993473 0.719683 0.046428 0.033195
0.993503 0.719472 0.046418 0.033179
0.993533 0.719261 0.046410 0.033165
0.993390 0.719156 0.043176 0.030845
0.993293 0.718940 0.046302 0.033065
0.993326 0.718724 0.046330 0.033077
0.993397 0.718509 0.046326 0.033066
0.993456 0.718295 0.046313 0.033049
0.993509 0.718082 0.046306 0.033036
0.993556 0.717871 0.046295 0.033020
0.993598 0.717661 0.046286 0.033005
0.993716 0.717572 0.041201 0.029379
0.993885 0.717576 0.037686 0.026877
0.995606 0.717566 0.037798 0.027003
0.996795 0.717565 0.037937 0.027135
0.997453 0.717570 0.037983 0.027186
0.997851 0.717578 0.037999 0.027209
0.998124 0.717586 0.038021 0.027232
0.998330 0.717592 0.038038 0.027250
0.998495 0.717595 0.038055 0.027267
0.998633 0.717597 0.038056 0.027272
0.998751 0.717595 0.038069 0.027284
0.998852 0.717590 0.038074 0.027290
0.998943 0.717581 0.038073 0.027292
0.999026 0.717569 0.038078 0.027297
0.994977 0.717371 0.029691 0.021192
0.999344 0.717193 0.028994 0.020780
0.995187 0.717006 0.028980 0.020679
0.981193 0.716786 0.028512 0.020053
0.957808 0.716547 0.028717 0.019709
0.925992 0.716293 0.028935 0.019192
0.886944 0.716028 0.029178 0.018530
0.842220 0.715757 0.029429 0.017741
0.792452 0.715497 0.029640 0.016806
0.738404 0.715263 0.029581 0.015623
0.692095 0.715065 0.028873 0.014289
0.664915 0.714915 0.026286 0.012495
0.705424 0.714656 0.029371 0.014807
0.750379 0.714395 0.029509 0.015819
0.800189 0.714166 0.029275 0.016730
0.848434 0.713948 0.029462 0.017847
0.892573 0.713730 0.029662 0.018896
0.930855 0.713507 0.029882 0.019847
0.957326 0.713359 0.030893 0.021097
0.973025 0.713316 0.032629 0.022647
0.948253 0.713038 0.029669 0.020061
0.915756 0.712739 0.029504 0.019257
0.874943 0.712400 0.029460 0.018363
0.828435 0.712058 0.029654 0.017493
0.775980 0.711741 0.029745 0.016428
0.732966 0.711511 0.028730 0.014983
0.713174 0.711368 0.026198 0.013291
0.758254 0.711041 0.029411 0.015857
0.806042 0.710724 0.029491 0.016895
0.854095 0.710435 0.029624 0.017975
0.897689 0.710152 0.029774 0.018981
0.935079 0.709868 0.030009 0.019920
0.957621 0.709696 0.031449 0.021373
0.971463 0.709612 0.032883 0.022668
0.946281 0.709279 0.029751 0.019968
0.913639 0.708930 0.029640 0.019198
0.872526 0.708542 0.029567 0.018279
0.823822 0.708169 0.029730 0.017345
0.823039 0.708261 0.028312 0.016504
0.785960 0.707913 0.029368 0.016340
0.782166 0.707890 0.026705 0.014786
0.827095 0.707527 0.029407 0.017209
0.869923 0.707143 0.029729 0.018288
0.910641 0.706789 0.029954 0.019280
0.941398 0.706499 0.030619 0.020365
